%YAML:1.0
image_width: 640
image_height: 480
camera_name: /flir_camera
camera_matrix: !!opencv-matrix
   rows: 3
   cols: 3
   dt: d
   data: [ 8.1765031805419983e+02, 0., 3.2319351106557775e+02, 0.,
       8.0939612565707887e+02, 2.2301756451083585e+02, 0., 0., 1. ]
distortion_coefficients: !!opencv-matrix
   rows: 1
   cols: 5
   dt: d
   data: [ -4.3595267195970339e-01, 1.6898921485890273e+00,
       3.6470976794301026e-03, 1.0951224486445527e-02,
       -3.3653010248021120e+00 ]
